Multiple size <= 100
TEST 1 ARG:32 9 40 53 51 65 79 84 62 72 16 44 56 57 5 34 25 13 37 88 87 77 36 61 17 54 49 74 47 43 96 85 18 0 20 55 48 2 60 82 95 30 27 15 70 50 38 1 19 99 12 94 42 8 63 68 76 46 6 29 23 21 35 33 45 92 89 39 81 52 58 14 22 93 41 78 28 11 3 66 31 97 4 26 10 91 83 59 75 80 98 69 24 73 90 67 7 71 64 86
TEST 2 ARG:37 70 88 11 43 15 19 54 71 57 34 91 63 35 2 39 79 10 61 27 1 8 22 81 65 6 0 5 97 17 82 84 20 24 59 32 62 80 76 47 74 64 44 9 83 95 87 89 23 29 3 75 69 72 7 56 13 78 60 55 4 49 98 45 18 41 48 14 66 67 92 90 93 73 21 40 58 52 28 25 51 99 26 50 46 86 85 33 94 38 36 30 12 31 96 42 68 16 53 77
TEST 3 ARG:49 81 97 70 89 98 35 32 60 34 64 54 3 82 57 92 33 23 10 42 25 38 21 50 78 12 40 83 99 0 87 76 77 31 30 53 58 62 29 37 86 1 96 8 44 75 9 56 68 67 24 85 14 72 22 11 39 55 94 2 13 41 93 79 69 20 19 26 61 73 4 80 74 47 6 5 18 17 91 7 84 51 63 59 95 45 71 66 43 48 46 36 28 65 52 15 90 27 16 88
TEST 4 ARG:65 75 57 9 82 12 21 73 88 50 11 34 84 20 74 13 26 69 41 70 62 30 36 95 49 89 31 97 32 92 90 66 16 94 37 29 10 47 96 28 60 46 80 6 2 3 15 4 87 44 14 86 93 25 5 76 38 39 24 81 67 91 22 0 71 77 59 72 99 51 58 98 64 19 42 45 17 53 61 27 83 23 56 52 79 48 35 40 8 85 54 43 55 1 18 68 63 78 7 33
TEST 5 ARG:93 94 77 60 88 84 76 43 68 25 51 52 73 37 19 27 47 4 49 41 64 70 87 44 10 83 28 67 62 40 85 91 22 96 17 3 2 24 65 57 12 53 75 89 6 78 20 16 92 74 48 32 54 35 55 90 30 79 39 58 59 80 72 18 61 1 86 21 34 31 9 11 42 50 23 71 38 7 13 14 0 29 95 63 69 97 15 36 56 5 45 98 82 46 26 8 66 81 33 99
TEST 6 ARG:19 79 14 0 45 2 98 67 87 49 68 97 34 73 36 59 55 76 8 16 83 81 9 52 25 38 84 62 70 92 48 99 51 74 10 69 58 89 33 23 40 54 18 63 80 64 3 37 1 75 28 39 22 17 31 44 13 78 35 43 90 85 66 93 32 91 20 53 47 29 24 27 77 4 11 65 86 96 12 30 26 71 61 57 82 56 72 95 60 5 88 6 7 94 15 41 42 21 50 46
TEST 7 ARG:69 96 11 65 82 4 26 57 52 90 70 23 51 3 77 15 75 48 44 68 30 17 92 99 13 66 25 85 91 16 27 81 97 2 61 50 76 32 67 98 38 39 40 29 86 1 33 18 60 53 36 8 47 71 43 56 94 41 5 14 95 28 34 37 21 83 49 9 62 79 6 74 89 0 12 84 7 73 31 64 54 78 45 93 46 72 19 80 22 63 42 24 20 88 59 58 87 10 35 55
TEST 8 ARG:4 36 78 60 49 61 94 97 82 99 39 42 72 17 23 54 76 81 86 73 44 46 2 92 28 9 30 25 24 50 85 48 93 14 26 90 68 43 7 3 1 20 29 41 67 63 12 64 57 11 59 34 38 80 18 51 65 10 77 69 89 53 15 87 5 40 74 31 21 75 58 35 0 62 88 71 22 16 84 13 47 79 98 70 56 66 96 19 37 91 6 83 55 45 32 52 95 33 8 27
TEST 9 ARG:81 58 82 40 97 88 20 38 53 59 18 25 13 55 12 17 70 86 24 10 19 61 11 93 33 44 21 14 54 49 35 56 73 91 60 85 9 31 15 69 57 28 41 3 5 36 45 22 63 46 34 37 74 6 26 92 94 43 95 77 1 8 67 27 79 65 4 68 64 75 32 47 48 51 16 29 52 90 87 7 23 72 84 96 42 50 39 98 2 83 0 71 30 78 62 89 66 80 76 99
TEST 10 ARG:44 72 74 47 75 66 18 69 99 54 46 23 59 60 80 32 15 11 25 36 33 12 83 26 3 64 71 77 22 50 63 7 1 62 87 29 2 52 42 67 0 97 85 86 70 38 82 78 4 8 84 58 40 34 65 51 49 93 14 68 61 73 31 17 30 37 43 20 90 6 91 76 5 19 24 9 81 56 27 57 55 28 45 41 88 16 10 79 13 96 95 53 39 94 89 98 48 21 35 92
Multiple size <= 500
TEST 1 ARG:-182 25 52 -240 148 -141 -184 -64 -39 -153 77 -36 -196 27 88 -164 37 229 -40 44 5 -183 -51 -59 -235 154 -229 158 -236 -19 -197 -17 87 -116 -10 -29 130 217 197 231 163 -138 249 239 -190 -120 -13 -26 -228 -191 11 -85 128 -170 118 -214 -89 -49 -38 53 93 73 101 80 -227 54 182 22 149 -7 -47 -200 -72 98 -122 139 -61 105 161 -63 -103 -180 30 38 -211 -11 129 209 99 232 -53 233 -174 -35 82 210 -230 -5 42 245 207 1 -181 237 -55 -129 117 157 -27 -176 3 -172 178 -94 -220 181 193 -144 125 17 -179 243 -24 -125 244 -207 212 -50 12 -231 -216 71 222 -149 -188 -212 26 -21 218 76 -37 -113 147 208 -243 39 90 198 -4 145 -178 111 138 50 -52 133 -45 -221 -198 -171 -163 216 175 -247 -159 166 224 127 -22 92 -157 167 -193 -145 -128 -31 48 236 110 -142 176 -101 155 187 108 63 188 235 144 184 134 204 -152 15 8 -58 6 191 -233 122 136 16 -175 219 19 195 81 132 -109 -215 173 137 164 -74 200 -222 95 24 -2 -148 213 241 131 159 -9 169 -96 -208 226 -110 104 -118 100 -217 57 75 -177 -73 -60 -173 -16 -232 56 135 141 192 -15 62 -187 45 -104 72 -165 -56 165 -250 194 -87 23 43 -204 -154 203 123 -205 142 -84 -161 -90 153 55 -41 -126 -124 -166 -92 -44 84 -244 -156 -91 -79 10 196 -66 36 -95 -78 -6 -18 -210 -93 183 -248 -107 -121 -186 -202 34 -25 146 96 -42 -68 -99 -134 190 151 103 -114 -82 -246 -3 205 -185 220 -136 -48 -34 -32 171 -147 -223 -130 46 -102 189 113 70 215 79 -100 -140 -105 -117 64 206 91 74 -226 -70 -203 -106 -139 -112 234 177 66 -46 -131 -71 -88 65 124 168 -234 60 94 214 -133 242 -81 -199 7 160 -219 -151 13 152 -8 -20 51 162 -14 49 -168 -28 41 20 -239 -43 -242 21 170 -115 221 199 -80 -169 227 -225 83 18 59 9 -238 185 143 -245 247 -146 28 -206 2 -119 0 -1 114 -12 112 -241 14 47 119 246 -160 202 -194 -33 -135 -111 -127 -155 -67 -218 33 -123 32 -137 -167 -97 67 -65 248 186 179 225 -189 -192 109 -209 156 -30 -57 107 150 -224 -249 4 172 -62 -132 -213 211 58 120 61 121 102 86 -69 -23 140 174 -201 35 -54 -75 115 -108 -98 29 -76 228 230 68 -86 85 -162 69 240 -195 223 -237 -143 40 116 31 78 126 -158 89 180 -150 106 238 97 -77 -83 201
TEST 2 ARG:10 133 190 150 87 9 107 -178 -57 234 175 -123 -174 91 30 -24 186 -79 -240 -160 -38 -37 112 -203 -56 27 216 31 83 228 152 -215 58 -48 28 84 -47 79 25 154 -197 206 -214 -83 -189 -9 -50 -88 -163 -31 116 80 -249 -3 -61 176 -153 -58 221 -133 -45 153 -26 45 -46 44 92 -92 -182 -19 -2 -218 -72 -146 42 -62 -14 -168 -143 54 61 -142 -39 229 -130 -60 51 -188 -8 41 66 223 226 -53 110 21 114 -27 3 -177 -229 135 -193 130 155 -216 -151 19 6 -63 -164 160 18 187 120 218 -131 217 -43 56 78 -170 -32 -69 117 125 17 -30 121 191 168 -195 15 -55 219 222 -67 95 -77 143 85 2 102 158 213 157 -5 -99 -190 -21 -213 224 -52 -112 -244 -121 36 -172 96 -152 -98 212 236 13 -202 177 -41 -248 106 62 -33 -51 -239 -90 -220 39 -147 220 -7 43 -191 59 193 185 -209 202 46 231 -149 -44 -81 -129 180 -237 -110 -93 140 -78 -235 -167 131 123 189 246 235 211 81 12 128 90 22 -35 33 -82 57 82 77 -139 75 233 38 204 -23 -201 198 137 52 197 -212 -136 -230 -96 100 -91 0 -118 -166 124 63 -128 67 142 -135 -16 99 134 104 -194 172 -243 103 -236 165 -28 -97 129 188 -159 -122 144 210 4 205 14 -36 -165 244 171 159 151 -73 5 232 215 -150 94 -34 -89 68 1 201 195 113 149 -29 225 55 -145 174 50 242 -238 -169 -113 -250 -200 -94 -234 73 181 170 -105 -196 -144 -187 -101 111 249 69 227 237 -217 -120 -54 -106 -87 -127 -42 -25 -71 53 199 109 -95 -224 -49 8 156 -211 -221 -119 214 -232 -171 179 196 -64 -20 97 239 -179 -154 -247 -134 -74 98 11 -103 34 167 -228 -65 -68 -18 230 115 243 -223 136 -114 119 -10 40 -4 -207 -70 182 138 -11 70 101 49 23 -107 88 -245 -1 248 -100 -59 -180 126 173 -176 -184 -158 -66 -76 7 -199 -206 203 -181 108 -102 32 247 -104 -231 -233 162 -12 178 -155 105 -40 192 208 139 -116 -13 -86 207 -126 -157 64 16 -115 -208 141 183 -156 209 -17 -137 194 -6 93 -161 71 -242 -132 -185 65 -227 -198 -111 -22 163 164 -205 -219 -140 238 169 47 48 -183 -186 60 -226 -15 147 -204 148 245 240 -117 -141 -222 -109 132 -241 127 -75 37 89 -175 -162 -124 35 20 -85 86 76 74 -225 241 24 -125 -138 -173 -192 118 146 122 -148 184 -210 26 -84 145 -108 -246 166 -80 161 72 200 29
TEST 3 ARG:-6 213 -134 -171 -167 -198 -156 -213 -47 -88 187 -77 -180 179 76 -24 222 -230 -39 -240 -144 -48 -219 46 -1 -179 -85 19 -235 208 -195 189 27 -71 180 -194 -159 11 -103 -221 -79 106 -38 -204 40 16 -232 34 -17 45 -36 120 110 -170 243 2 -110 -227 35 -164 -138 82 -137 129 -22 -33 -29 -90 132 -54 -148 90 -228 58 -128 127 -76 -231 -136 135 38 -40 -63 217 -80 -218 163 239 74 -116 -238 -151 107 13 -244 -145 232 67 -26 -69 -135 44 9 -190 -57 29 69 -150 -147 109 -58 68 130 85 -187 -233 -208 114 170 -146 -124 -143 -41 87 96 -248 -13 57 -210 -64 94 -154 103 -30 122 -43 210 -212 -192 -45 -65 -182 -249 218 31 -203 41 -178 118 160 -62 -229 72 -93 12 -118 -217 124 4 66 -44 149 228 172 136 -32 166 -96 244 -42 -222 145 -157 206 146 -49 77 -81 -104 200 201 54 30 -66 -15 126 -20 141 -225 102 -14 182 -133 60 -115 203 23 -243 -173 -100 137 121 70 150 -175 -74 -91 -200 -92 131 -149 -126 92 229 196 184 -11 -82 -52 -12 -120 3 15 -102 64 81 240 17 -94 -139 -53 175 -186 39 -206 42 49 -72 5 91 139 -108 174 -122 22 -193 -162 -155 161 56 93 100 -184 176 89 241 155 -205 -236 245 -130 115 123 209 -247 -86 181 -10 242 1 204 198 -99 193 -166 205 191 235 -188 -50 153 207 224 171 202 20 -174 52 246 -101 -7 148 -215 151 116 157 -37 167 233 -60 47 -224 190 -78 48 -185 0 105 -51 111 225 32 98 227 78 -245 -106 219 -125 134 97 -129 -95 50 -158 -8 164 36 -4 112 -111 -220 -239 101 -226 195 61 238 -2 65 -223 37 173 147 -3 73 -140 -107 108 -59 104 88 215 -87 75 -246 -55 -97 -199 178 -9 237 133 55 -16 -165 221 194 -197 -19 -46 -67 -131 -84 -141 80 -153 79 -113 154 53 -34 216 10 -132 -5 -163 -89 95 -216 162 51 188 226 -207 18 125 140 -189 168 -117 -121 -177 8 84 33 -98 212 -168 -61 197 183 26 128 28 169 223 185 62 156 -31 59 71 -18 247 -123 43 142 -214 -27 119 234 -196 -201 220 -114 -35 -109 -112 236 138 -75 -172 152 -142 158 143 -191 117 -176 -202 113 83 86 -23 -160 -161 -21 -28 -242 249 230 21 177 -127 -152 -73 7 159 -241 231 99 -25 -70 -68 -234 25 6 -209 63 248 -183 -237 165 -105 192 -181 -56 214 144 24 -250 -119 186 14 -169 199 211 -211 -83
TEST 4 ARG:18 246 24 61 115 143 102 -145 -209 42 26 193 -182 149 86 103 38 58 228 -183 -170 -107 -119 227 133 171 -149 -238 129 -72 203 45 -248 154 134 215 249 -215 -226 91 -14 155 -81 -210 233 -49 -76 169 -237 -110 -133 -123 111 35 -176 176 -1 82 182 -141 -25 240 -240 55 -44 105 -42 116 -155 198 14 -109 213 15 178 -47 73 -73 -66 226 -48 -142 -152 -194 -244 -106 144 104 119 -10 94 -169 -242 37 -243 -207 -137 135 -199 224 -135 -84 130 -140 96 -103 -125 110 -36 -179 -211 127 21 -32 -86 245 22 -161 153 163 136 92 -21 -5 -205 196 95 -154 170 217 -62 -74 81 -39 -198 -99 -82 -193 230 34 -24 48 50 93 -79 -223 121 118 -177 -15 -80 -167 174 207 -159 180 84 106 -46 -23 234 199 247 -83 -206 -4 -18 222 -121 -68 60 -180 53 -166 -51 -241 -200 244 -246 -56 9 16 -45 72 194 190 -100 -146 -34 158 189 -97 -115 27 -64 -35 204 -128 208 -27 -53 -165 28 -151 -213 -8 212 138 -221 4 218 -233 141 120 -111 -162 -65 -92 150 40 20 -147 -127 209 46 -19 10 -250 114 -38 98 147 -70 145 -196 -26 68 164 49 74 78 238 62 152 205 87 54 -95 225 -3 188 223 -185 -249 -204 239 -197 -6 -153 -90 17 -89 -69 77 47 -187 -178 -139 -114 185 -181 -239 -236 100 186 142 -148 64 -163 97 66 221 231 -156 113 7 128 -192 88 -131 -214 220 216 39 71 -67 -212 -184 13 0 -164 109 237 137 -247 241 2 123 -134 -7 187 -50 162 70 -218 -231 201 159 131 177 -57 -229 181 -85 -41 -224 112 -120 -195 -126 -208 -104 172 148 125 -201 -245 173 32 197 166 12 235 -132 25 210 90 8 -219 243 191 -11 -77 -168 -17 76 219 140 -9 -138 211 80 41 151 -230 43 124 6 -87 101 -116 99 -173 -157 31 -75 -227 -124 -16 -78 -91 -220 -59 248 -150 -188 23 63 161 29 57 52 56 107 59 83 3 -101 126 -37 -189 -40 19 -20 157 160 69 67 -117 -235 85 -12 -144 -228 -171 -225 232 -54 -222 -191 -30 -43 -93 33 -118 -102 51 146 156 -112 44 -22 -129 139 -61 195 89 179 79 -158 -105 36 202 132 167 -203 -216 -88 242 -13 192 -63 -202 -31 -108 200 108 -28 -122 -33 -2 -71 175 -217 -52 236 -136 165 -234 30 11 5 -113 -94 -143 206 168 -29 -160 -58 122 184 65 -232 214 -175 75 -130 -98 229 -190 117 -55 1 -96 -186 -174 -60 183 -172
TEST 5 ARG:179 -98 -46 -236 -167 88 -13 -42 36 26 -112 48 -143 -181 -29 -234 -63 -168 -88 86 6 -166 176 35 -144 50 204 108 180 46 -103 243 100 130 -225 -127 93 -155 125 -78 116 -36 -233 41 236 117 -47 -27 -157 -187 -216 55 -196 -57 -131 111 0 129 -58 -12 -39 209 186 -17 -230 123 196 -138 -104 2 199 -23 -156 -180 -217 -22 -111 -175 -193 -74 230 -226 -214 187 89 15 -241 -119 221 -249 -135 214 -177 -215 170 -183 229 58 -150 157 222 -201 244 53 -16 56 -205 -51 -33 -159 -160 -224 149 213 -37 -53 119 -68 -130 85 -26 164 -238 -32 90 -95 182 -81 -61 146 -108 24 52 177 -64 124 73 133 40 -117 -126 -132 148 -245 -121 83 96 -50 21 143 191 -100 87 33 -113 70 166 -65 63 -165 69 122 -67 81 -184 49 -4 60 189 -122 -94 -220 172 -209 -199 94 114 245 -133 13 216 14 -118 205 -147 225 -145 162 181 -178 201 -158 -192 223 -221 147 206 212 120 233 -213 -96 -28 -240 -243 -6 220 -82 -24 -179 112 194 -35 -125 -116 -76 23 144 -206 -142 66 37 -195 44 -194 178 97 -18 -239 211 219 -62 224 98 161 -70 227 158 25 197 -109 235 -231 -123 54 38 232 188 -89 -92 141 249 140 -106 155 -124 -176 -204 -43 8 241 153 -25 61 -198 239 -5 195 -71 -185 -197 -228 -102 174 -137 132 -223 -174 1 82 109 -235 -10 131 -191 -38 145 79 159 -171 -55 -164 64 95 -189 115 -190 34 99 168 198 -200 -227 -212 47 -11 -153 -250 77 175 -21 -110 -248 43 165 -8 154 142 -207 -3 -161 7 -244 -162 28 -107 -79 -101 -129 137 -136 218 -15 -152 59 78 -232 193 106 217 -210 215 -141 80 160 -247 -246 67 -14 238 42 -93 242 -149 -48 -218 74 128 135 -146 -91 71 150 -60 -40 27 -182 -30 -203 -49 -41 -219 207 208 -84 9 3 31 -140 247 -172 167 -52 190 163 107 138 -1 -83 -222 84 -237 -59 237 -31 45 101 105 210 -77 169 203 -170 246 -173 248 -73 171 65 91 231 -54 -242 -72 57 -148 113 16 192 20 103 12 11 -202 -69 -188 -211 22 -80 -128 68 183 200 -7 39 134 -99 18 -151 173 -75 29 -45 76 -66 92 30 -229 -105 -120 127 32 5 -34 -56 -44 102 152 -9 -163 4 240 17 -85 -87 202 -139 75 104 -20 118 -186 184 -154 136 -169 228 51 126 -19 -114 226 234 72 -134 139 185 -90 -2 62 -208 156 -115 -97 10 121 151 19 -86 110
TEST 6 ARG:92 131 -248 -20 94 136 -198 30 95 55 -235 246 -220 -172 -51 -89 5 101 -193 243 -23 221 -153 -9 35 49 6 20 -166 162 214 -66 -240 -189 198 -177 -169 -56 -86 -152 -125 -218 -124 175 222 211 187 -94 -121 -4 249 236 218 -78 132 -44 -204 56 -40 203 -136 -99 227 -93 96 -183 -245 206 -58 188 -201 89 -191 238 8 36 183 -84 -199 -186 156 228 205 65 -154 14 -229 45 137 165 19 231 -137 -151 125 111 -17 -102 123 102 177 157 -118 -43 -236 79 13 27 -16 -197 -142 -227 -233 -6 155 77 -55 18 118 237 209 32 -71 64 179 -213 76 232 -98 -120 -103 70 67 -72 -11 75 -178 3 -69 127 148 -139 -234 -100 -165 -173 196 93 -238 -2 -92 -174 90 194 -182 -123 -223 54 -95 103 186 71 59 146 -188 213 12 143 -176 -68 242 7 110 -5 -48 -215 -39 63 223 -242 -246 -170 82 113 -145 -228 152 -75 -134 52 109 10 184 -113 -185 38 43 -207 104 106 169 114 61 22 -196 -159 120 200 11 151 167 138 -32 48 -148 248 130 -161 -133 -180 99 16 230 47 150 -171 100 -138 9 2 -232 166 -83 1 -59 -54 -200 153 -60 141 164 -206 195 208 46 -114 -157 147 17 239 226 -208 -96 107 241 -31 -81 66 58 133 72 44 -135 207 -127 31 -130 24 174 60 134 -222 159 -19 124 161 145 149 119 -101 -149 189 -87 -195 -205 -1 -141 -74 -109 -110 -190 74 -168 -42 -163 -128 68 -155 -38 -184 -67 73 78 180 -80 233 -33 -243 26 108 57 158 -162 -108 -46 126 202 112 85 -116 199 -247 -143 -129 -73 142 -224 -88 129 -202 -187 -167 -27 173 -90 212 178 105 -37 -47 204 0 -53 -117 -77 -70 -57 115 -45 40 185 91 15 -106 -35 -12 -7 88 -8 62 83 28 -97 -212 -231 -10 -203 -160 -63 -85 234 87 247 -249 193 53 -217 172 -21 -179 -62 -144 -112 41 -13 42 -175 -221 -250 -50 154 -244 37 168 217 -146 244 -82 -91 -230 -219 -239 140 197 29 225 -15 51 -36 -211 34 -24 -214 -107 50 117 122 176 -119 -34 -181 -126 -28 -64 216 84 240 192 39 -164 191 -147 210 219 -216 245 121 33 80 -131 4 -140 21 86 -76 -150 -65 190 -237 160 -241 81 -192 171 -194 170 116 220 224 139 182 -115 -111 -226 229 97 -25 -156 -104 201 -26 235 -225 135 -122 -41 -52 25 215 -61 -3 128 98 69 -49 -79 181 144 -132 -209 -14 -158 163 -210 -105 -29 23 -18 -30 -22
TEST 7 ARG:-5 -240 -158 77 205 -139 -106 -189 202 22 -111 41 -247 14 42 204 151 -72 -13 108 76 -229 150 -148 -248 -185 -18 74 -70 -163 -7 7 -113 226 109 221 168 70 158 196 80 -105 237 82 -19 170 -233 -54 0 -41 -160 190 138 -153 63 31 90 9 -237 -134 -161 139 -27 220 -227 65 136 -141 -39 -239 -109 -115 -117 58 -205 229 213 -14 -212 -180 163 127 37 54 -61 -246 -114 -243 18 75 86 -154 -204 4 -228 -224 -103 -167 -116 -6 125 -184 -29 -144 -87 179 -213 157 -57 -127 1 -77 -16 -136 115 49 124 -32 -165 -59 -74 171 -90 53 -62 -104 -65 -47 -225 -79 216 -210 104 84 43 230 112 68 -199 118 -48 110 -176 -157 214 185 131 -45 -118 208 169 26 222 231 12 67 92 60 19 38 126 -172 206 -135 160 236 -100 35 181 247 -2 40 3 -40 193 217 242 -188 156 135 107 -12 -98 215 -235 -214 249 -95 155 -81 48 243 -119 99 130 61 30 -82 -168 174 -110 -209 21 219 -108 119 -179 56 -241 24 33 -73 -222 -217 -191 199 -3 52 -170 244 197 -67 98 -221 -46 -245 209 248 -37 -76 -131 -17 -71 120 55 147 -125 -92 -220 -8 245 -121 -25 128 -75 -147 -219 -183 200 -208 210 -242 -20 -42 225 144 111 233 239 178 176 -107 141 241 -142 -173 -66 180 73 184 85 187 102 142 246 162 -145 -178 44 39 17 166 -162 69 -171 189 -51 46 -216 211 201 140 51 -130 146 182 66 -193 2 -50 -187 -133 100 -196 227 121 -174 235 -186 -140 -28 -175 -192 240 87 -244 29 -129 159 32 -207 113 -155 203 212 78 -91 -53 -249 79 -211 -124 -152 133 -97 89 81 -80 88 -78 62 232 34 -88 -194 -177 224 8 28 -102 -190 13 10 -93 -203 -169 -22 -10 -60 5 -218 149 177 6 -23 191 93 59 -44 165 72 -226 -9 207 -195 218 -21 -69 -137 57 -94 188 -15 123 -138 -86 -64 -1 -181 25 -164 97 -238 238 -151 101 -38 234 95 -234 -63 -200 -182 172 83 164 50 -24 -232 129 -96 -223 186 15 173 -166 -36 23 -83 -202 122 96 -126 -149 183 -132 -150 134 154 -201 117 -198 103 -123 116 167 -236 -112 20 -120 64 91 -49 -122 132 -206 11 -35 137 106 -128 -230 -101 -159 -58 -55 -11 114 -146 228 145 194 223 94 -34 -52 45 143 -26 -84 -250 198 -43 -143 195 161 47 -56 105 -33 -197 27 -89 -30 148 152 -215 -156 71 -85 -99 192 -231 153 -31 175 -4 16 36 -68
TEST 8 ARG:-174 142 222 -149 85 91 -169 105 -210 70 8 -228 170 -17 204 -126 32 -73 100 -198 72 212 -237 -160 -109 -55 26 -86 -44 153 1 150 -68 33 -180 205 146 -117 120 180 -244 163 17 -124 7 -243 109 -120 -79 82 -82 -170 46 -70 117 -188 -172 -50 -81 -19 -178 -226 -98 -133 189 -116 -175 185 -185 200 244 -147 21 139 -158 122 45 165 47 -85 -195 98 -114 184 -204 -194 226 -145 16 -91 -213 177 -123 -229 -48 118 67 175 -45 -152 -56 192 -93 -111 224 83 24 -219 -143 84 193 42 145 -31 172 -35 -154 -87 -135 97 131 121 236 -24 43 66 18 245 -220 230 -15 -212 -139 119 14 -52 -66 36 201 111 -234 151 -163 154 -74 133 99 -58 -239 -197 234 71 4 -10 218 -148 -27 194 -168 -9 237 -11 -64 124 -61 74 37 157 51 137 161 190 -23 -173 -245 114 -5 116 225 90 49 160 -53 -199 -121 60 242 138 76 44 178 247 73 -202 -248 -201 -92 9 168 -97 34 30 -119 238 240 -153 -165 50 198 13 -186 -130 176 -77 167 246 -38 107 77 23 -150 -13 106 123 203 -115 130 -161 11 -227 -72 -141 -209 -65 -43 -138 10 -49 143 209 -29 -60 93 -137 41 61 148 239 128 20 5 -71 207 81 65 -103 -207 86 -127 53 213 186 136 -40 140 228 -182 187 -14 -25 -217 191 -122 199 -110 3 208 211 249 2 -30 -221 -157 214 -233 -196 196 -1 219 -166 79 -106 -242 -101 -22 152 -99 -203 188 27 -215 173 -179 141 80 129 166 -192 6 28 -32 -84 -113 -8 -129 -89 56 -104 229 -240 -193 -4 -132 88 -54 -7 55 158 -222 -33 -190 -78 75 -20 220 69 -191 243 -247 -105 0 -18 -208 115 -167 68 -225 40 215 38 -187 102 -59 -184 -249 147 95 -63 -151 233 57 -67 223 31 210 217 -2 -131 -136 -107 62 -21 227 -223 -189 155 -176 125 64 -232 -75 -118 25 164 -241 -216 171 -88 132 -155 103 -146 -144 -236 159 144 -159 -102 248 235 -211 -230 181 -94 -181 -80 -34 -183 162 -42 -16 -57 -177 15 216 169 241 206 39 -205 197 59 -69 104 -46 183 92 149 108 174 19 52 195 63 -250 58 182 232 -224 -12 -83 -140 78 89 -164 -39 -41 48 -95 94 113 96 -214 -47 22 -3 112 -231 -36 -246 156 -200 87 -112 29 110 54 -206 -62 -28 -51 -90 -128 -134 12 -125 -235 -218 -162 -96 -100 221 -37 -238 127 -142 202 126 231 -171 134 -76 35 -156 179 -108 135 -26 -6 101
TEST 9 ARG:-216 -43 -245 18 -231 149 -184 -188 -19 -56 211 -197 -190 92 202 247 -26 68 116 169 -8 104 168 122 -9 86 179 6 -36 -47 33 88 60 -158 219 -16 -239 108 237 -172 -221 -10 -202 -122 101 -234 -128 102 -179 -23 -112 -115 -161 94 113 -200 69 -67 -108 128 -156 57 -173 -149 161 243 14 208 -192 245 -24 -187 99 42 126 -110 53 152 -3 226 27 -84 36 227 45 -236 73 176 239 30 233 146 -137 -31 171 -33 212 162 114 -100 -93 -92 119 181 217 137 154 -222 -1 -235 138 139 87 23 -90 38 43 -181 70 -83 214 -114 9 89 -237 -22 206 58 -95 -127 -162 170 63 111 160 90 77 52 -82 -103 -220 -150 -169 103 -54 -45 -136 -7 -155 -165 -99 -5 182 -78 132 215 82 125 -98 200 173 186 46 5 -18 -62 -226 -142 -225 19 -91 143 136 -28 -170 -34 236 204 -73 80 -50 -159 47 -68 115 4 153 44 196 -208 -144 -242 -11 95 216 -46 234 -215 -189 -17 -74 -183 157 156 -126 -80 -60 166 29 -118 248 -57 164 163 -154 178 184 67 -249 17 -87 -109 1 230 -201 -243 -177 -175 -111 148 -123 -212 -63 -153 222 -75 -132 195 -32 -55 201 -228 -133 199 112 -205 142 -164 0 -166 -105 127 -29 -49 205 96 -101 -53 194 74 209 241 147 -12 110 -147 -186 220 -42 39 56 15 -39 120 50 -120 -89 190 185 -72 242 7 -213 75 -125 172 93 -6 175 79 177 141 -232 221 -59 10 -58 235 -248 83 -214 240 35 -15 -230 49 198 -81 -210 59 -107 -85 -65 -246 -141 121 -20 -71 232 155 167 -206 -51 62 231 -157 189 133 223 -35 210 55 16 -41 174 192 -40 -244 -79 20 71 -138 188 76 228 -203 249 -227 72 100 -61 98 -130 -176 -195 -129 -37 -104 -135 78 203 -168 -69 183 105 2 -148 -86 -193 207 244 -76 -52 -240 -146 145 65 -196 24 -21 -64 11 180 81 -152 158 22 -233 26 238 -97 135 41 -4 -219 12 117 144 51 -250 -204 150 32 -2 -38 -223 -217 -140 129 -241 -117 -185 -198 224 -124 -174 123 -102 130 -229 -182 -25 140 -238 -139 -160 -247 -191 107 21 -180 -194 13 -13 225 28 -113 -121 66 -209 -119 -134 151 -143 134 97 -88 213 8 54 61 -94 -171 -178 -96 131 -30 -66 -163 -116 124 85 159 118 -77 -199 -48 -224 -70 218 48 -145 34 106 187 84 197 -14 37 109 40 -106 193 246 165 31 91 191 -151 229 -207 64 -211 3 -44 -218 -167 -131 25 -27
